
OMO219
OMO229
OMO391
OMO337
OMO129


Pop
RUTS4.10 ,	449449	139142	280289	151152	253269
RUTS3.26 ,	428428	133139	271280	152152	265265
RUTS3.5 ,	449449	145152	289289	152152	253269
RUTS4.15 ,	428428	139139	280280	148148	265265
RUTS3.54 ,	428428	139142	271280	148148	253265
RUTS3.42 ,	428428	133139	271280	148148	265265
RUTFC2.9 ,	418428	133139	271280	152152	265265
RUTS3.56 ,	428428	133139	271280	148148	265265
RUTS3.58 ,	428428	133139	271280	148148	265265
RUTS1.8 , 	449449	139145	280289	152152	245253
RUTS2.13 , 	449449	136142	289289	152152	245253
RUTFC2.22 , 	428428	133139	271280	148148	265265
RUTFC2.3 , 	418428	133139	271280	152152	253265
RUTS3.48 , 	428428	133139	271280	148148	265265
RUTFC2.19 ,	428428	133139	271280	148148	265265
RUTS3.46 ,	428428	133139	271280	148148	265265
RUTS2.10 ,	418418	145151	289289	152152	253253
RUTS3.53 ,	418428	133139	271280	148148	265265
RUTS3.36 ,	418428	133139	271280	148148	265265
RUTS3.28 ,	428428	133139	271280	148148	265265
RUTS2.17 ,	433449	145151	280289	152152	253253
RUTS3.27 ,	428428	133139	271280	148148	265265
RUTFC2.21 ,	428428	133139	271280	148148	265265
RUTS3.52 ,	413428	133139	271280	148148	265265
RUTS2.11 ,	449449	145152	280289	152152	245253
RUTS3.41 ,	418428	133139	271280	148148	265265
RUTS3.37 ,	418428	133139	271280	148148	265265
RUTS1.4 ,	413428	133139	271280	148148	000000
RUTS3.43 ,	418418	133139	271280	148152	265265
RUTFC2.14 ,	413428	133139	271280	148148	265265
RUTS4.12 ,	418418	139139	277280	148148	265265
RUTFC1.3 ,	413428	133139	271280	148148	265265
RUTS2.4 ,	433449	136142	280289	152152	245253
RUTS1.13 ,	449449	142151	289289	152152	253253
RUTS2.6 ,	413428	133139	271280	148148	265265
RUTFC2.12 ,	413428	133139	280289	148148	265265
RUTFC2.23 ,	413428	133139	271280	148148	265265
RUTFC1.2 ,	428428	133139	271280	148148	265265
RUTS4.7 ,	433449	142145	280289	152152	245253
RUTFC2.1 ,	413428	133139	271280	148148	265265
RUTS3.18 ,	449449	145151	280289	152152	253253
RUTS3.23 ,	428449	142145	289289	152152	245253
RUTS3.25 ,	449449	142151	289289	152152	245253
RUTS3.29 ,	418428	133139	271280	148148	265265
RUTS2.3 ,	433449	142151	289289	152152	253253
RUTS4.2 ,	449449	142145	280289	152152	245253
RUTS4.11 ,	449449	145151	280289	152152	245253
RUTFC2.2 ,	418428	133139	271280	148148	265265
RUTS.15 ,	428449	142151	289289	152152	253253
RUTS3.45 ,	418428	133139	271280	148148	265265
RUTS3.10 ,	449449	142151	280289	152152	253253
RUTS4.18 ,	418449	139142	280289	152152	245253
RUTS3.51 ,	428428	133139	271280	148148	265265
RUTFC1.1 ,	418428	133139	277280	148148	265265
RUTS2.18 ,	428449	139142	280289	148152	253265
RUTS.14 ,	449449	142145	280289	152152	245253
RUTS3.8 ,	449449	142145	280289	152152	245253
RUTS3.50 ,	428428	133139	271280	148148	253265
RUTFC2.4 ,	413428	133139	271280	148148	265265
RUTS4.9 ,	428449	142145	280289	152152	245253
RUTS3.35 ,	428428	133139	271280	148148	265265
RUTFC1.4 ,	428428	133139	271280	148148	265265
RUTFC2.15 ,	413428	133139	271280	148148	265265
RUTS2.1 ,	449449	142142	280289	152152	253253
RUTS3.55 ,	418428	133139	271280	148148	265265
RUTS3.59 ,	428428	133139	271280	148148	265265
RUTS3.38 ,	428428	133139	271280	148148	265265
RUTS3.33 ,	428428	133139	271280	148148	265265
RUTFC2.16 ,	418428	133139	271280	148148	265265
RUTS4.6 ,	413428	133139	271280	148148	265265
RUTS3.31 ,	413428	133139	271280	148148	265265
RUTS3.30 ,	428428	133139	271280	148148	265265
RUTS3.3 ,	449449	142151	280289	152152	253265
RUTS4.4 ,	433449	142145	280289	152152	245253
RUTS3.34 ,	418428	133139	271280	148148	265265
RUTS4.8 ,	449449	139142	280289	152152	245253
RUTFC2.5 ,	413428	133139	277280	148148	265265
RUTS1.2 ,	428428	133139	271280	148148	265265
RUTS3.19 ,	449449	142145	283289	152152	245253
RUTS4.19 ,	449449	142145	289295	152152	253253
RUTS2.2 ,	449449	139142	280289	152152	245253
RUTS3.32 ,	418428	133139	271280	148148	265265
RUTFC2.11 ,	418428	133139	271280	148148	265265
RUTFC2.6 ,	428428	133139	271280	148148	265265
RUTS3.9 ,	431449	139142	280289	152152	245253
RUTFC2.8 ,	418428	133139	271280	148148	265265
RUTS3.60 ,	428428	133139	271280	148148	265265
RUTFC2.10 ,	418428	133139	271280	148148	265265
RUTS4.13 ,	428449	142151	289295	152152	245253
RUTFC2.13 ,	418428	133139	271280	148148	265265
R03	,	418418	133139	262274	148148	265265
R06	,	418428	133139	271280	148148	253265
R07	,	418428	139139	271280	148148	253265
R08	,	449449	145151	280292	152152	245253
R09	,	413428	133139	271280	148148	253265
R10	,	418428	133139	271280	148148	253265
R100	,	449449	136145	289289	152152	253253
R101	,	418428	133139	271280	148148	253265
R102	,	418428	133139	271280	148148	253265
R103	,	418428	133139	271280	148148	253265
R104	,	449449	142151	289289	152152	253253
R105	,	418428	133139	280280	148148	265265
R106	,	449449	136145	271280	152152	245253
R129	,	428428	133139	271280	148148	253253
R131	,	449449	142145	277289	152152	241253
R139	,	449449	136142	289289	152152	241253
R142	,	413428	133139	271280	148148	253265
R144	,	449449	136145	280289	152152	245253
R147	,	449449	136145	280289	152152	245253
R148	,	413428	133139	271280	148148	265265
R155	,	449449	136145	280289	152152	245253
R159	,	418428	133139	271280	148148	265265
R161	,	428428	133139	271280	148148	253265
R186	,	418428	133139	271280	148148	253265
R187	,	418428	133142	271280	152152	257265
R19	,	449449	136145	280289	152152	245253
R193	,	428428	133139	271280	148148	253265
R197	,	428428	133139	271280	148148	253265
R198	,	428428	133139	280280	148148	253265
R20	,	449449	136145	289289	152152	245253
R201	,	423428	133139	271280	148148	265265
R203	,	418428	133139	271280	148148	253265
R205	,	428428	133139	271280	148148	265265
R209	,	413418	133139	268274	148148	261261
R21	,	449449	136145	283295 152152	245253
R211	,	418418	133139	271280	148148	253265
R212	,	418428	133139	271280	148148	253265
R213	,	428428	133139	271280	148148	253265
R216	,	413428	133139	271280	148148	253265
R235	,	413428	133139	271280	148148	253265
R238	,	428428	133139	271280	248248	253265
R245	,	428428	133139	271280	148148	265265
R248	,	418428	133139	280289	148148	265265
R31	,	449449	136145	280289	152152	253253
R33	,	449449	136145	289289	152152	245253
R34	,	413428	133139	271280	148148	265265
R35	,	413428	133139	271280	148148	253265
R37	,	449449	136145	289289	152152	253253
R47	,	449449	136145	289289	152152	253253
R48	,	449449	136145	289289	152152	253253
R52	,	418428	133139	271280	148148	253265
R57	,	418428	133139	271280	148148	253265
R83	,	428428	133139	271280	148148	253265
R84	,	418418	133139	271280	148148	253265
R86	,	428428	136145	271280	152152	245253
R87	,	428428	133139	271280	148148	265265
R91	,	428428	133139	271280	148148	253265
R93	,	449449	136145	280289	152152	245253
R94	,	428428	133139	271280	148148	253265
R95	,	413428	133139	271280	148148	253265
R96	,	418428	133139	271280	148148	253265

